precision=0.7811745776347546
recall=0.6180776575429663
fbeta=0.6901208244491827
f1_score=0.6901208244491827
